Pearson Correlation Matrix:
           feat_1    feat_2    feat_3    feat_4    feat_5    feat_6    feat_7    feat_8    feat_9   feat_10
feat_1   1.000000  0.000513 -0.016112  0.227264  0.022968  1.000000  0.000431 -0.016112 -0.012936  0.002213
feat_2   0.000513  1.000000  0.015142 -0.008165 -0.005788  0.000513  0.001373  0.015142 -0.001541  0.003383
feat_3  -0.016112  0.015142  1.000000 -0.001538 -0.021458 -0.016112  0.006055  1.000000  0.019793 -0.021197
feat_4   0.227264 -0.008165 -0.001538  1.000000  0.021443  0.227264  0.010822 -0.001538 -0.003687 -0.000119
feat_5   0.022968 -0.005788 -0.021458  0.021443  1.000000  0.022968 -0.004431 -0.021458  0.005515  0.011486
feat_6   1.000000  0.000513 -0.016112  0.227264  0.022968  1.000000  0.000431 -0.016112 -0.012936  0.002213
feat_7   0.000431  0.001373  0.006055  0.010822 -0.004431  0.000431  1.000000  0.006055  0.016005  0.001172
feat_8  -0.016112  0.015142  1.000000 -0.001538 -0.021458 -0.016112  0.006055  1.000000  0.019793 -0.021197
feat_9  -0.012936 -0.001541  0.019793 -0.003687  0.005515 -0.012936  0.016005  0.019793  1.000000 -0.003980
feat_10  0.002213  0.003383 -0.021197 -0.000119  0.011486  0.002213  0.001172 -0.021197 -0.003980  1.000000
Columns dropped:
['feat_6', 'feat_8']